RIGHT: 2.16274425901e-10
LEFT: 9.5482530265e-11
FRONT: 9.13800864384e-12
BACK: 4.02828742718e-10